setting up the arm
yoooooo, we got a request
x:  0.043860271447709605 y:  0.1374466426993737 z:  0.515
desired ee from arm:  [ 0.53704995 -0.01141527  0.08145799  1.        ]
target x, y, z [ 0.53704995 -0.01141527  0.08145799]
[[-0.0196      0.400742    0.030112    0.        ]
 [ 0.55912576  0.          0.          0.        ]
 [ 0.         -0.48912576 -0.48912576  0.        ]]
1
[[-2.29442594e-02 -1.23773514e-01 -4.86133063e-01 -6.93889390e-18]
 [-5.96828114e-02  6.87289286e-03  2.69939855e-02 -1.38777878e-16]
 [ 0.00000000e+00  1.30863101e-01  5.56481023e-02 -2.16840434e-18]]
2
[[-1.94604274e-02  1.75253922e-01  4.58372353e-01  2.32452946e-16]
 [ 4.28920847e-03 -6.20456094e-03 -1.62278776e-02 -5.55111512e-17]
 [ 0.00000000e+00  6.64020083e-02 -1.72575155e-01 -1.02348685e-16]]
3
[[ 4.30323286e-02 -6.84050812e-01 -3.55191074e-01  3.55271368e-14]
 [ 9.74207746e-02  1.60782242e-01  8.34856362e-02 -9.54791801e-15]
 [ 0.00000000e+00  1.74682514e-01  3.27139407e-01 -2.90965169e-14]]
4
[[ 4.54213486e-01  3.53815765e-01  2.43136531e-01 -6.01185768e-14]
 [-2.53489761e-01  5.81360234e-01  3.99501449e-01 -1.03889120e-13]
 [ 0.00000000e+00 -4.49791102e-01 -1.46403419e-01  2.96021888e-14]]
5
[[-2.31796766e-01  2.04457380e-01  9.38192673e-02  2.32369679e-13]
 [-5.35676320e-02 -6.39179333e-01 -2.93299937e-01 -8.12683254e-13]
 [ 0.00000000e+00  3.07097179e-01  3.81213633e-01  9.23615351e-13]]
6
[[ 2.64144456e-03  8.42546937e-01  4.79183898e-01  4.52236165e-12]
 [-9.51202808e-02 -1.53055088e-01 -8.70474158e-02 -7.23601734e-13]
 [ 0.00000000e+00 -2.31165133e-02 -5.43716926e-02 -2.27730703e-13]]
7
[[ 3.34299964e-01 -1.41627320e-02 -1.06966679e-01 -2.23397342e-12]
 [ 7.23201278e-02  5.10969954e-02  3.85919603e-01  8.90532786e-12]
 [ 0.00000000e+00  4.11471092e-01  2.82444562e-01  5.66250692e-12]]
8
[[ 4.82992726e-03  7.21993429e-02  1.43488137e-02 -8.78568052e-12]
 [ 5.73118305e-02  1.94906858e-02  3.87355629e-03  2.99416048e-12]
 [ 0.00000000e+00  1.24072305e-01  4.89826346e-01  2.47146494e-10]]
9
[[-1.94754553e-01 -4.69020921e-01 -2.74607464e-01 -5.32101005e-09]
 [ 1.08262961e-01 -6.92329356e-01 -4.05352512e-01 -8.22019695e-09]
 [ 0.00000000e+00 -1.51959557e-01 -2.07562960e-02  1.87179948e-10]]
10
[[-4.60805581e-01  2.56902172e-01  1.22305462e-01  6.09497380e-08]
 [-1.87487867e-01 -5.66395037e-01 -2.69648194e-01 -1.46729810e-07]
 [ 0.00000000e+00  5.67100929e-01  3.90489394e-01  1.84664108e-07]]
11
[[ 1.14330462e-02 -2.01266898e-01 -1.31221269e-01  2.22044605e-16]
 [ 1.60648018e-02 -3.60535432e-01 -2.35060595e-01 -5.55111512e-17]
 [ 0.00000000e+00  6.78476986e-02  4.09485331e-01  1.38777878e-17]]
12
[[-5.84905905e-01 -2.27687000e-01 -1.29620402e-01  4.52521354e-12]
 [-2.38769574e-01  6.11305524e-01  3.48011384e-01 -1.33281025e-11]
 [ 0.00000000e+00 -5.61459949e-01 -3.19745789e-01  1.37062809e-11]]
13
[[-4.78313393e-01 -1.98139365e-01 -3.24001664e-02  8.32667268e-17]
 [ 2.18148464e-01 -3.94756595e-01 -6.45514303e-02 -1.38777878e-17]
 [ 0.00000000e+00 -4.55345880e-01 -4.84699994e-01  2.42861287e-17]]
14
[[-5.61658759e-02 -3.31134271e-01 -1.06957160e-01  9.26619892e-14]
 [ 2.49155985e-01 -4.83210389e-02 -1.56078109e-02  2.08166817e-14]
 [ 0.00000000e+00 -1.84654964e-01 -4.77982535e-01  3.24566762e-13]]
15
[[ 1.44199968e-01 -2.86868688e-01  6.78107897e-02  6.91791617e-10]
 [ 5.70387280e-01  8.27832490e-02 -1.95685264e-02 -4.03812983e-10]
 [ 0.00000000e+00 -5.18006055e-01 -4.84942792e-01 -9.33116473e-09]]
16
[[ 2.03107539e-02 -4.42767872e-01 -7.71616899e-02 -3.12250226e-17]
 [ 5.00521770e-01  3.53607614e-02  6.16236246e-03 -2.77555756e-16]
 [ 0.00000000e+00 -4.30550107e-01 -4.83899618e-01 -3.46944695e-18]]
17
[[ 1.05727004e-02 -4.50746967e-01 -8.10627075e-02 -2.62350038e-13]
 [ 5.37160381e-01  2.53447733e-02  4.55802501e-03 -9.35362898e-15]
 [ 0.00000000e+00 -4.66906786e-01 -4.83279219e-01 -1.12694923e-12]]
18
successful?  True
here are the angles from ik [ 2.01004182e+02 -9.37132728e+03  1.64778416e+04  3.34684222e-08]
yoooooo, we got a request
x:  0.043860271447709605 y:  0.13829476737382734 z:  0.515
desired ee from arm:  [ 0.53670502 -0.01141527  0.08068323  1.        ]
target x, y, z [ 0.53670502 -0.01141527  0.08068323]
[[-0.0196      0.400742    0.030112    0.        ]
 [ 0.55912576  0.          0.          0.        ]
 [ 0.         -0.48912576 -0.48912576  0.        ]]
1
[[-2.30083263e-02 -1.23764655e-01 -4.86044444e-01 -2.08166817e-17]
 [-6.08365883e-02  6.87240093e-03  2.69890647e-02 -3.05311332e-16]
 [ 0.00000000e+00  1.32018655e-01  5.64192400e-02 -4.33680869e-19]]
2
[[-1.94099444e-02  1.77304170e-01  4.55725733e-01  5.65519853e-16]
 [ 5.70582083e-03 -6.28883250e-03 -1.61642154e-02  5.55111512e-17]
 [ 0.00000000e+00  6.49857870e-02 -1.79453381e-01 -2.63677968e-16]]
3
[[ 2.60856129e-02 -5.45273243e-01 -3.13403068e-01 -2.10942375e-14]
 [-1.16140187e-04 -4.74603708e-01 -2.72784810e-01 -1.80966353e-14]
 [ 0.00000000e+00  5.27862645e-02  2.59841694e-01  1.50036233e-14]]
4
[[-2.37599873e-01 -1.02231231e-01 -5.80994191e-02 -3.87606613e-14]
 [-1.06968936e-02  7.97514906e-01  4.53238726e-01  2.53398864e-13]
 [ 0.00000000e+00  3.07031566e-01  1.77058906e-01  1.17883134e-13]]
5
[[ 1.65455731e-01  5.51068893e-01  2.19287969e-01 -6.92360350e-10]
 [ 2.90705694e-01 -2.72202245e-01 -1.08317995e-01  3.02356265e-10]
 [ 0.00000000e+00  4.03918013e-01  4.24653671e-01 -1.51912114e-09]]
6
[[-1.02833373e-01  4.20474404e-01  6.50904830e-02  4.58277918e-08]
 [ 4.26831399e-01  1.21397857e-01  1.87926901e-02  2.78647007e-08]
 [ 0.00000000e+00  5.08606443e-01  4.85346069e-01  6.69050593e-07]]
7
[[ 3.95736258e-02  4.44414306e-01  8.92753678e-02  3.46944695e-18]
 [ 5.15833049e-01 -1.71955774e-02 -3.45430261e-03 -1.38777878e-16]
 [ 0.00000000e+00  5.86977413e-01  4.81838892e-01  0.00000000e+00]]
8
[[1.03312614e-02 4.53317035e-01 1.05001756e-01 2.50911488e-15]
 [5.35443624e-01 7.84958279e-03 1.81819766e-03 5.27355937e-16]
 [0.00000000e+00 6.05184500e-01 4.78666969e-01 1.61849700e-14]]
9
successful?  True
here are the angles from ik [ 1.57232114e+01 -1.03319714e+02  1.75419206e+02  7.01108581e-12]
yoooooo, we got a request
x:  0.043860271447709605 y:  0.1374466426993737 z:  0.515
desired ee from arm:  [ 0.53704995 -0.01141527  0.08145799  1.        ]
target x, y, z [ 0.53704995 -0.01141527  0.08145799]
[[-0.0196      0.400742    0.030112    0.        ]
 [ 0.55912576  0.          0.          0.        ]
 [ 0.         -0.48912576 -0.48912576  0.        ]]
1
[[-2.29442594e-02 -1.23773514e-01 -4.86133063e-01 -6.93889390e-18]
 [-5.96828114e-02  6.87289286e-03  2.69939855e-02 -1.38777878e-16]
 [ 0.00000000e+00  1.30863101e-01  5.56481023e-02 -2.16840434e-18]]
2
[[-1.94604274e-02  1.75253922e-01  4.58372353e-01  2.32452946e-16]
 [ 4.28920847e-03 -6.20456094e-03 -1.62278776e-02 -5.55111512e-17]
 [ 0.00000000e+00  6.64020083e-02 -1.72575155e-01 -1.02348685e-16]]
3
[[ 4.30323286e-02 -6.84050812e-01 -3.55191074e-01  3.55271368e-14]
 [ 9.74207746e-02  1.60782242e-01  8.34856362e-02 -9.54791801e-15]
 [ 0.00000000e+00  1.74682514e-01  3.27139407e-01 -2.90965169e-14]]
4
[[ 4.54213486e-01  3.53815765e-01  2.43136531e-01 -6.01185768e-14]
 [-2.53489761e-01  5.81360234e-01  3.99501449e-01 -1.03889120e-13]
 [ 0.00000000e+00 -4.49791102e-01 -1.46403419e-01  2.96021888e-14]]
5
[[-2.31796766e-01  2.04457380e-01  9.38192673e-02  2.32369679e-13]
 [-5.35676320e-02 -6.39179333e-01 -2.93299937e-01 -8.12683254e-13]
 [ 0.00000000e+00  3.07097179e-01  3.81213633e-01  9.23615351e-13]]
6
[[ 2.64144456e-03  8.42546937e-01  4.79183898e-01  4.52236165e-12]
 [-9.51202808e-02 -1.53055088e-01 -8.70474158e-02 -7.23601734e-13]
 [ 0.00000000e+00 -2.31165133e-02 -5.43716926e-02 -2.27730703e-13]]
7
[[ 3.34299964e-01 -1.41627320e-02 -1.06966679e-01 -2.23397342e-12]
 [ 7.23201278e-02  5.10969954e-02  3.85919603e-01  8.90532786e-12]
 [ 0.00000000e+00  4.11471092e-01  2.82444562e-01  5.66250692e-12]]
8
[[ 4.82992726e-03  7.21993429e-02  1.43488137e-02 -8.78568052e-12]
 [ 5.73118305e-02  1.94906858e-02  3.87355629e-03  2.99416048e-12]
 [ 0.00000000e+00  1.24072305e-01  4.89826346e-01  2.47146494e-10]]
9
[[-1.94754553e-01 -4.69020921e-01 -2.74607464e-01 -5.32101005e-09]
 [ 1.08262961e-01 -6.92329356e-01 -4.05352512e-01 -8.22019695e-09]
 [ 0.00000000e+00 -1.51959557e-01 -2.07562960e-02  1.87179948e-10]]
10
[[-4.60805581e-01  2.56902172e-01  1.22305462e-01  6.09497380e-08]
 [-1.87487867e-01 -5.66395037e-01 -2.69648194e-01 -1.46729810e-07]
 [ 0.00000000e+00  5.67100929e-01  3.90489394e-01  1.84664108e-07]]
11
[[ 1.14330462e-02 -2.01266898e-01 -1.31221269e-01  2.22044605e-16]
 [ 1.60648018e-02 -3.60535432e-01 -2.35060595e-01 -5.55111512e-17]
 [ 0.00000000e+00  6.78476986e-02  4.09485331e-01  1.38777878e-17]]
12
[[-5.84905905e-01 -2.27687000e-01 -1.29620402e-01  4.52521354e-12]
 [-2.38769574e-01  6.11305524e-01  3.48011384e-01 -1.33281025e-11]
 [ 0.00000000e+00 -5.61459949e-01 -3.19745789e-01  1.37062809e-11]]
13
[[-4.78313393e-01 -1.98139365e-01 -3.24001664e-02  8.32667268e-17]
 [ 2.18148464e-01 -3.94756595e-01 -6.45514303e-02 -1.38777878e-17]
 [ 0.00000000e+00 -4.55345880e-01 -4.84699994e-01  2.42861287e-17]]
14
[[-5.61658759e-02 -3.31134271e-01 -1.06957160e-01  9.26619892e-14]
 [ 2.49155985e-01 -4.83210389e-02 -1.56078109e-02  2.08166817e-14]
 [ 0.00000000e+00 -1.84654964e-01 -4.77982535e-01  3.24566762e-13]]
15
[[ 1.44199968e-01 -2.86868688e-01  6.78107897e-02  6.91791617e-10]
 [ 5.70387280e-01  8.27832490e-02 -1.95685264e-02 -4.03812983e-10]
 [ 0.00000000e+00 -5.18006055e-01 -4.84942792e-01 -9.33116473e-09]]
16
[[ 2.03107539e-02 -4.42767872e-01 -7.71616899e-02 -3.12250226e-17]
 [ 5.00521770e-01  3.53607614e-02  6.16236246e-03 -2.77555756e-16]
 [ 0.00000000e+00 -4.30550107e-01 -4.83899618e-01 -3.46944695e-18]]
17
[[ 1.05727004e-02 -4.50746967e-01 -8.10627075e-02 -2.62350038e-13]
 [ 5.37160381e-01  2.53447733e-02  4.55802501e-03 -9.35362898e-15]
 [ 0.00000000e+00 -4.66906786e-01 -4.83279219e-01 -1.12694923e-12]]
18
successful?  True
here are the angles from ik [ 2.01004182e+02 -9.37132728e+03  1.64778416e+04  3.34684222e-08]
yoooooo, we got a request
x:  0.04368994029645636 y:  0.1369128693296674 z:  0.513
desired ee from arm:  [ 0.53544004 -0.01124494  0.08275899  1.        ]
target x, y, z [ 0.53544004 -0.01124494  0.08275899]
[[-0.0196      0.400742    0.030112    0.        ]
 [ 0.55912576  0.          0.          0.        ]
 [ 0.         -0.48912576 -0.48912576  0.        ]]
1
[[-2.29368988e-02 -1.24233512e-01 -4.86287335e-01 -3.46944695e-18]
 [-5.98857718e-02  6.86047325e-03  2.68539559e-02  2.77555756e-17]
 [ 0.00000000e+00  1.31059373e-01  5.43528733e-02 -5.20417043e-18]]
2
[[-1.93714131e-02  1.74837927e-01  4.56780298e-01 -1.80411242e-16]
 [ 7.09134698e-03 -5.91202669e-03 -1.54457180e-02 -1.11022302e-16]
 [ 0.00000000e+00  6.35673608e-02 -1.76816093e-01  7.97972799e-17]]
3
[[-1.85878825e-02 -3.10514505e-01 -1.71985976e-01  1.45439216e-14]
 [ 3.05477564e-02 -6.52709490e-01 -3.61518953e-01  2.78110868e-14]
 [ 0.00000000e+00  9.99084402e-02  2.82622738e-01 -1.93317584e-14]]
4
[[-4.15765492e-01 -3.04157607e-01 -1.84133028e-01  2.76334511e-13]
 [ 1.58719128e-01 -7.02239075e-01 -4.25126331e-01  6.78179735e-13]
 [ 0.00000000e+00 -3.74599309e-01 -1.59729059e-01  2.03032036e-13]]
5
[[-1.81686689e-02  5.83280145e-01  4.25065863e-01  1.38350720e-11]
 [-5.09077983e-01  1.64004773e-03  1.19518607e-03 -2.84570978e-13]
 [ 0.00000000e+00  5.79024885e-01  2.43861283e-01  6.84331758e-12]]
6
[[ 3.15736153e-02 -1.24097047e-01 -1.36462869e-01  1.44852852e-10]
 [-7.70606161e-01 -8.24787184e-03 -9.06974247e-03  2.35998998e-11]
 [ 0.00000000e+00  8.41003624e-01  4.70580882e-01 -6.49217579e-10]]
7
[[-1.38269730e-01 -4.69357572e-01 -2.34441613e-01  1.49682998e-09]
 [ 7.71165934e-01 -7.20865183e-02 -3.60068328e-02  2.90043045e-10]
 [ 0.00000000e+00 -7.13218524e-01 -4.28825582e-01  2.39414936e-09]]
8
[[-1.71886546e-02  7.75476318e-01  4.78787610e-01 -9.88961853e-09]
 [-2.56656021e-01  7.28843330e-03  4.49995890e-03  1.16679423e-10]
 [ 0.00000000e+00  3.26483143e-01  1.04369137e-01 -1.52615281e-09]]
9
[[-8.16212760e-02  1.43364049e-02  3.78439043e-01  1.78847429e-07]
 [ 4.10921549e-01  2.15614275e-03  5.69158447e-02  2.17492616e-08]
 [ 0.00000000e+00 -3.48490623e-01 -3.06096748e-01 -1.63168114e-07]]
10
[[ 2.27301138e-03 -4.12469827e-01 -2.20647764e-01 -2.77555756e-17]
 [ 1.91462412e-01  4.73991823e-02  2.53558513e-02 -2.49800181e-16]
 [ 0.00000000e+00 -1.20470107e-01 -4.36832218e-01 -1.38777878e-17]]
11
[[-4.44736593e-02 -2.77129330e-01  9.31161486e-02 -2.98459174e-15]
 [ 5.52378336e-01 -1.24692166e-02  4.18968798e-03  4.44089210e-16]
 [ 0.00000000e+00 -4.83819079e-01 -4.81105572e-01  2.27318164e-14]]
12
[[ 7.53707422e-03 -4.49520386e-01 -8.31274263e-02 -8.53119658e-14]
 [ 5.01024070e-01  2.43732993e-02  4.50722527e-03 -2.80331314e-15]
 [ 0.00000000e+00 -4.30697280e-01 -4.82928833e-01 -3.59625524e-13]]
13
[[ 1.13809755e-02 -4.49677361e-01 -8.01076944e-02  1.32901763e-12]
 [ 5.35595151e-01  2.60387107e-02  4.63866154e-03  4.70179451e-14]
 [ 0.00000000e+00 -4.65357387e-01 -4.83437671e-01  5.75948317e-12]]
14
successful?  True
here are the angles from ik [-1.89071597e+01 -9.37625534e+00  9.60548156e+00 -1.00211967e-10]
yoooooo, we got a request
x:  0.04368994029645636 y:  0.1369128693296674 z:  0.513
desired ee from arm:  [ 0.53544004 -0.01124494  0.08275899  1.        ]
target x, y, z [ 0.53544004 -0.01124494  0.08275899]
[[-0.0196      0.400742    0.030112    0.        ]
 [ 0.55912576  0.          0.          0.        ]
 [ 0.         -0.48912576 -0.48912576  0.        ]]
1
[[-2.29368988e-02 -1.24233512e-01 -4.86287335e-01 -3.46944695e-18]
 [-5.98857718e-02  6.86047325e-03  2.68539559e-02  2.77555756e-17]
 [ 0.00000000e+00  1.31059373e-01  5.43528733e-02 -5.20417043e-18]]
2
[[-1.93714131e-02  1.74837927e-01  4.56780298e-01 -1.80411242e-16]
 [ 7.09134698e-03 -5.91202669e-03 -1.54457180e-02 -1.11022302e-16]
 [ 0.00000000e+00  6.35673608e-02 -1.76816093e-01  7.97972799e-17]]
3
[[-1.85878825e-02 -3.10514505e-01 -1.71985976e-01  1.45439216e-14]
 [ 3.05477564e-02 -6.52709490e-01 -3.61518953e-01  2.78110868e-14]
 [ 0.00000000e+00  9.99084402e-02  2.82622738e-01 -1.93317584e-14]]
4
[[-4.15765492e-01 -3.04157607e-01 -1.84133028e-01  2.76334511e-13]
 [ 1.58719128e-01 -7.02239075e-01 -4.25126331e-01  6.78179735e-13]
 [ 0.00000000e+00 -3.74599309e-01 -1.59729059e-01  2.03032036e-13]]
5
[[-1.81686689e-02  5.83280145e-01  4.25065863e-01  1.38350720e-11]
 [-5.09077983e-01  1.64004773e-03  1.19518607e-03 -2.84570978e-13]
 [ 0.00000000e+00  5.79024885e-01  2.43861283e-01  6.84331758e-12]]
6
[[ 3.15736153e-02 -1.24097047e-01 -1.36462869e-01  1.44852852e-10]
 [-7.70606161e-01 -8.24787184e-03 -9.06974247e-03  2.35998998e-11]
 [ 0.00000000e+00  8.41003624e-01  4.70580882e-01 -6.49217579e-10]]
7
[[-1.38269730e-01 -4.69357572e-01 -2.34441613e-01  1.49682998e-09]
 [ 7.71165934e-01 -7.20865183e-02 -3.60068328e-02  2.90043045e-10]
 [ 0.00000000e+00 -7.13218524e-01 -4.28825582e-01  2.39414936e-09]]
8
[[-1.71886546e-02  7.75476318e-01  4.78787610e-01 -9.88961853e-09]
 [-2.56656021e-01  7.28843330e-03  4.49995890e-03  1.16679423e-10]
 [ 0.00000000e+00  3.26483143e-01  1.04369137e-01 -1.52615281e-09]]
9
[[-8.16212760e-02  1.43364049e-02  3.78439043e-01  1.78847429e-07]
 [ 4.10921549e-01  2.15614275e-03  5.69158447e-02  2.17492616e-08]
 [ 0.00000000e+00 -3.48490623e-01 -3.06096748e-01 -1.63168114e-07]]
10
[[ 2.27301138e-03 -4.12469827e-01 -2.20647764e-01 -2.77555756e-17]
 [ 1.91462412e-01  4.73991823e-02  2.53558513e-02 -2.49800181e-16]
 [ 0.00000000e+00 -1.20470107e-01 -4.36832218e-01 -1.38777878e-17]]
11
[[-4.44736593e-02 -2.77129330e-01  9.31161486e-02 -2.98459174e-15]
 [ 5.52378336e-01 -1.24692166e-02  4.18968798e-03  4.44089210e-16]
 [ 0.00000000e+00 -4.83819079e-01 -4.81105572e-01  2.27318164e-14]]
12
[[ 7.53707422e-03 -4.49520386e-01 -8.31274263e-02 -8.53119658e-14]
 [ 5.01024070e-01  2.43732993e-02  4.50722527e-03 -2.80331314e-15]
 [ 0.00000000e+00 -4.30697280e-01 -4.82928833e-01 -3.59625524e-13]]
13
[[ 1.13809755e-02 -4.49677361e-01 -8.01076944e-02  1.32901763e-12]
 [ 5.35595151e-01  2.60387107e-02  4.63866154e-03  4.70179451e-14]
 [ 0.00000000e+00 -4.65357387e-01 -4.83437671e-01  5.75948317e-12]]
14
successful?  True
here are the angles from ik [-1.89071597e+01 -9.37625534e+00  9.60548156e+00 -1.00211967e-10]
yoooooo, we got a request
x:  0.04394543702333623 y:  0.13856330090270857 z:  0.516
desired ee from arm:  [ 0.53750931 -0.01150044  0.08003122  1.        ]
target x, y, z [ 0.53750931 -0.01150044  0.08003122]
[[-0.0196      0.400742    0.030112    0.        ]
 [ 0.55912576  0.          0.          0.        ]
 [ 0.         -0.48912576 -0.48912576  0.        ]]
1
[[-2.30122292e-02 -1.23533830e-01 -4.85964805e-01  3.46944695e-18]
 [-6.07367591e-02  6.87845844e-03  2.70588931e-02  1.66533454e-16]
 [ 0.00000000e+00  1.31922182e-01  5.70680857e-02  3.90312782e-18]]
2
[[-1.94566351e-02  1.77534624e-01  4.56520283e-01 -2.87964097e-16]
 [ 4.30904194e-03 -6.43739182e-03 -1.65533904e-02 -1.66533454e-16]
 [ 0.00000000e+00  6.63988208e-02 -1.77386464e-01  1.26634814e-16]]
3
[[ 2.28234959e-02 -7.09409271e-01 -3.93526539e-01  1.32178990e-13]
 [ 2.55182542e-02  8.56559333e-02  4.75154249e-02 -1.93178806e-14]
 [ 0.00000000e+00  9.80701490e-02  2.88149075e-01 -8.50361448e-14]]
4
[[ 2.32960906e-01 -6.08565297e-01 -3.72236230e-01  3.82582854e-13]
 [ 3.22507700e-01  4.86960104e-01  2.97854962e-01 -2.93320923e-13]
 [ 0.00000000e+00 -3.27363612e-01 -1.13460797e-01  8.38157668e-14]]
5
[[ 4.82181797e-03  1.20260301e-01 -2.30686389e-01 -1.77576703e-12]
 [-2.48453128e-01  1.18671216e-02 -2.27638165e-02 -2.65454325e-13]
 [ 0.00000000e+00  3.17725749e-01  4.31759586e-01  3.89740323e-12]]
6
[[-1.55669407e-01 -5.63374530e-01 -4.36941216e-01 -4.55463445e-12]
 [ 2.87130327e-01 -2.62995975e-01 -2.03974044e-01 -2.24714691e-12]
 [ 0.00000000e+00 -2.56025503e-01  8.73367338e-02  1.24612473e-12]]
7
[[ 1.26120164e-01 -4.12329645e-01 -4.59542129e-01  6.29894747e-12]
 [ 3.99352482e-01  1.51782977e-01  1.69162400e-01 -2.16915375e-12]
 [ 0.00000000e+00 -3.48335441e-01  1.88641424e-02 -6.68199003e-13]]
8
[[-2.91233425e-02 -4.45334645e-01 -4.83942269e-01 -5.16386586e-12]
 [ 5.14781859e-01 -8.23568632e-03 -8.94966688e-03 -2.04281037e-13]
 [ 0.00000000e+00 -4.45232347e-01 -7.66193543e-02 -4.94975371e-13]]
9
[[ 1.31577206e-02 -4.53531999e-01 -4.79723635e-01  3.15626345e-12]
 [ 5.35568758e-01  2.77710819e-02  2.93748719e-02 -1.26454403e-13]
 [ 0.00000000e+00 -4.65371703e-01 -9.56717939e-02  4.28967192e-13]]
10
successful?  True
here are the angles from ik [-5.78452239e-02 -4.78128641e+00 -6.99543083e-02 -2.06450197e-12]
yoooooo, we got a request
x:  0.04377510587208299 y:  0.13717975601452057 z:  0.514
desired ee from arm:  [ 0.53624499 -0.01133011  0.08210849  1.        ]
target x, y, z [ 0.53624499 -0.01133011  0.08210849]
[[-0.0196      0.400742    0.030112    0.        ]
 [ 0.55912576  0.          0.          0.        ]
 [ 0.         -0.48912576 -0.48912576  0.        ]]
1
[[-2.29406059e-02 -1.24003177e-01 -4.86210634e-01  3.46944695e-18]
 [-5.97845003e-02  6.86669943e-03  2.69240060e-02  2.77555756e-17]
 [ 0.00000000e+00  1.30961446e-01  5.50005364e-02 -1.73472348e-18]]
2
[[-1.94147729e-02  1.75049556e-01  4.57581695e-01 -7.63278329e-17]
 [ 5.69152313e-03 -6.05772858e-03 -1.58349771e-02 -5.55111512e-17]
 [ 0.00000000e+00  6.49833434e-02 -1.74696845e-01  3.98986399e-17]]
3
[[-1.93330069e-02 -5.74713333e-01 -3.10965139e-01  1.93178806e-14]
 [ 5.88088894e-02 -4.27694253e-01 -2.31416248e-01  1.38777878e-14]
 [ 0.00000000e+00  1.28720445e-01  2.99829859e-01 -1.61572145e-14]]
4
[[ 4.83828159e-01 -5.77579534e-02 -3.66134583e-02  1.22124533e-14]
 [ 5.80346196e-02  7.28243095e-01  4.61642018e-01 -1.16524845e-13]
 [ 0.00000000e+00 -4.16901987e-01 -1.60302351e-01  3.26370875e-14]]
5
[[-2.02083334e-01  5.30408960e-01  2.00334597e-01  6.82898182e-13]
 [-3.87487940e-01 -2.47023547e-01 -9.33003897e-02 -3.53383989e-13]
 [ 0.00000000e+00  5.06578077e-01  4.37392076e-01  1.31317873e-12]]
6
[[ 1.17066805e-01 -2.75985754e-01 -1.60259227e-01 -3.74136833e-12]
 [ 1.20905927e-01  3.37955261e-01  1.96243640e-01  4.25211255e-12]
 [ 0.00000000e+00 -9.71487965e-02 -4.19471281e-01 -8.18758603e-12]]
7
[[-4.02441258e-01 -5.09207435e-02 -6.54519588e-03 -3.65818487e-14]
 [ 3.36777557e-02 -3.83398667e-01 -4.92808864e-02 -9.83894910e-12]
 [ 0.00000000e+00 -3.33372034e-01 -4.87523637e-01 -5.92954401e-11]]
8
[[-2.75068213e-02 -3.01459281e-01 -2.61006241e-01 -2.46819634e-10]
 [ 1.14350089e-01 -2.07226871e-02 -1.79418947e-02 -2.58728039e-11]
 [ 0.00000000e+00 -4.59672715e-02 -4.14372504e-01 -3.44005949e-10]]
9
[[ 2.67946445e-01 -2.29953254e-02  2.77035467e-01  1.28803979e-09]
 [ 5.13282715e-01  1.30130779e-02 -1.56774651e-01 -7.89314135e-10]
 [ 0.00000000e+00 -5.08679776e-01 -3.72590660e-01 -2.00452440e-09]]
10
[[ 1.78033896e-02 -3.32524459e-01 -3.42948796e-02 -2.22814696e-09]
 [ 3.41331434e-01  3.65533174e-02  3.76992304e-03 -1.07998832e-10]
 [ 0.00000000e+00 -2.71232984e-01 -4.88835750e-01 -1.65990870e-08]]
11
[[-3.62836332e-03 -3.82996529e-01 -1.25619046e-02 -8.32345362e-09]
 [ 5.66174946e-01  1.08094401e-02  3.54538867e-04 -1.75707043e-09]
 [ 0.00000000e+00 -4.95847221e-01 -4.89890615e-01 -9.46795028e-08]]
12
[[ 1.02202047e-02 -4.50519306e-01 -8.11437892e-02 -1.17524519e-07]
 [ 5.31223912e-01  2.53156416e-02  4.55964274e-03 -4.26278962e-09]
 [ 0.00000000e+00 -4.60960599e-01 -4.83265597e-01 -5.04441547e-07]]
13
successful?  True
here are the angles from ik [-6.34087493e+00 -3.09551877e+00 -2.95725882e+00 -2.98128950e-06]
yoooooo, we got a request
x:  0.04377510587208299 y:  0.13717975601452057 z:  0.514
desired ee from arm:  [ 0.53624499 -0.01133011  0.08210849  1.        ]
target x, y, z [ 0.53624499 -0.01133011  0.08210849]
[[-0.0196      0.400742    0.030112    0.        ]
 [ 0.55912576  0.          0.          0.        ]
 [ 0.         -0.48912576 -0.48912576  0.        ]]
1
[[-2.29406059e-02 -1.24003177e-01 -4.86210634e-01  3.46944695e-18]
 [-5.97845003e-02  6.86669943e-03  2.69240060e-02  2.77555756e-17]
 [ 0.00000000e+00  1.30961446e-01  5.50005364e-02 -1.73472348e-18]]
2
[[-1.94147729e-02  1.75049556e-01  4.57581695e-01 -7.63278329e-17]
 [ 5.69152313e-03 -6.05772858e-03 -1.58349771e-02 -5.55111512e-17]
 [ 0.00000000e+00  6.49833434e-02 -1.74696845e-01  3.98986399e-17]]
3
[[-1.93330069e-02 -5.74713333e-01 -3.10965139e-01  1.93178806e-14]
 [ 5.88088894e-02 -4.27694253e-01 -2.31416248e-01  1.38777878e-14]
 [ 0.00000000e+00  1.28720445e-01  2.99829859e-01 -1.61572145e-14]]
4
[[ 4.83828159e-01 -5.77579534e-02 -3.66134583e-02  1.22124533e-14]
 [ 5.80346196e-02  7.28243095e-01  4.61642018e-01 -1.16524845e-13]
 [ 0.00000000e+00 -4.16901987e-01 -1.60302351e-01  3.26370875e-14]]
5
[[-2.02083334e-01  5.30408960e-01  2.00334597e-01  6.82898182e-13]
 [-3.87487940e-01 -2.47023547e-01 -9.33003897e-02 -3.53383989e-13]
 [ 0.00000000e+00  5.06578077e-01  4.37392076e-01  1.31317873e-12]]
6
[[ 1.17066805e-01 -2.75985754e-01 -1.60259227e-01 -3.74136833e-12]
 [ 1.20905927e-01  3.37955261e-01  1.96243640e-01  4.25211255e-12]
 [ 0.00000000e+00 -9.71487965e-02 -4.19471281e-01 -8.18758603e-12]]
7
[[-4.02441258e-01 -5.09207435e-02 -6.54519588e-03 -3.65818487e-14]
 [ 3.36777557e-02 -3.83398667e-01 -4.92808864e-02 -9.83894910e-12]
 [ 0.00000000e+00 -3.33372034e-01 -4.87523637e-01 -5.92954401e-11]]
8
[[-2.75068213e-02 -3.01459281e-01 -2.61006241e-01 -2.46819634e-10]
 [ 1.14350089e-01 -2.07226871e-02 -1.79418947e-02 -2.58728039e-11]
 [ 0.00000000e+00 -4.59672715e-02 -4.14372504e-01 -3.44005949e-10]]
9
[[ 2.67946445e-01 -2.29953254e-02  2.77035467e-01  1.28803979e-09]
 [ 5.13282715e-01  1.30130779e-02 -1.56774651e-01 -7.89314135e-10]
 [ 0.00000000e+00 -5.08679776e-01 -3.72590660e-01 -2.00452440e-09]]
10
[[ 1.78033896e-02 -3.32524459e-01 -3.42948796e-02 -2.22814696e-09]
 [ 3.41331434e-01  3.65533174e-02  3.76992304e-03 -1.07998832e-10]
 [ 0.00000000e+00 -2.71232984e-01 -4.88835750e-01 -1.65990870e-08]]
11
[[-3.62836332e-03 -3.82996529e-01 -1.25619046e-02 -8.32345362e-09]
 [ 5.66174946e-01  1.08094401e-02  3.54538867e-04 -1.75707043e-09]
 [ 0.00000000e+00 -4.95847221e-01 -4.89890615e-01 -9.46795028e-08]]
12
[[ 1.02202047e-02 -4.50519306e-01 -8.11437892e-02 -1.17524519e-07]
 [ 5.31223912e-01  2.53156416e-02  4.55964274e-03 -4.26278962e-09]
 [ 0.00000000e+00 -4.60960599e-01 -4.83265597e-01 -5.04441547e-07]]
13
successful?  True
here are the angles from ik [-6.34087493e+00 -3.09551877e+00 -2.95725882e+00 -2.98128950e-06]
yoooooo, we got a request
x:  0.04394543702333623 y:  0.13771352938422685 z:  0.516
desired ee from arm:  [ 0.53785491 -0.01150044  0.08080749  1.        ]
target x, y, z [ 0.53785491 -0.01150044  0.08080749]
[[-0.0196      0.400742    0.030112    0.        ]
 [ 0.55912576  0.          0.          0.        ]
 [ 0.         -0.48912576 -0.48912576  0.        ]]
1
[[-2.29478594e-02 -1.23544524e-01 -4.86054623e-01  1.73472348e-17]
 [-5.95807072e-02  6.87905387e-03  2.70638942e-02  1.38777878e-16]
 [ 0.00000000e+00  1.30764339e-01  5.62955698e-02 -1.30104261e-18]]
2
[[-1.95084060e-02  1.75451016e-01  4.59152255e-01 -2.67147415e-16]
 [ 2.88445653e-03 -6.35251762e-03 -1.66244280e-02 -1.66533454e-16]
 [ 0.00000000e+00  6.78233065e-02 -1.70451099e-01  1.12757026e-16]]
3
[[ 1.43619281e-01  4.09805632e-01  1.91138655e-01 -1.84186000e-13]
 [-1.38163842e-01  5.19897559e-01  2.42486956e-01 -2.19324559e-13]
 [ 0.00000000e+00  2.68321923e-01  3.80548068e-01 -3.11623991e-13]]
4
[[ 1.31666417e-02  7.97164012e-01  4.68425839e-01 -1.43374028e-12]
 [ 2.44822201e-01  2.09696940e-02  1.23221149e-02 -6.96942504e-14]
 [ 0.00000000e+00  3.14391306e-01  1.43443859e-01 -5.37790298e-13]]
5
[[ 2.09635647e-02 -2.35493659e-01 -1.89601736e-02 -8.04857483e-14]
 [-8.60451195e-01 -3.73182173e-04 -3.00458143e-05 -7.46069873e-14]
 [ 0.00000000e+00 -7.90483335e-01 -4.89684850e-01  3.53695545e-12]]
6
[[ 1.57494909e-02 -6.49870145e-01 -2.93086577e-01 -2.83261418e-11]
 [-5.63193862e-01  4.44363619e-03  2.00404670e-03  1.27742261e-12]
 [ 0.00000000e+00 -4.93073009e-01 -3.92742898e-01 -4.32825061e-11]]
7
[[ 3.01487171e-02 -6.98768012e-01 -3.41855488e-01  1.62005187e-09]
 [ 3.79709368e-01  1.93985943e-02  9.49029694e-03 -9.08791931e-11]
 [ 0.00000000e+00  4.50399775e-01  3.50992167e-01 -1.47181123e-09]]
8
[[ 3.28977030e-02  1.52179696e-01 -2.01321996e-01 -7.12376813e-09]
 [-4.05115009e-01  4.99127289e-03 -6.60306895e-03  1.87306559e-10]
 [ 0.00000000e+00 -3.35975701e-01 -4.46739963e-01 -1.87792694e-08]]
9
[[ 4.88373242e-02  1.63154842e-01  4.42982388e-01 -2.07564014e-07]
 [-5.18667237e-01  9.18721726e-03  2.49442517e-02 -1.63858950e-08]
 [ 0.00000000e+00 -4.50592565e-01 -2.08074818e-01  8.24250393e-08]]
10
[[-1.58587161e-02 -3.76042160e-01 -1.22762305e-02 -1.38777878e-17]
 [ 3.58906594e-01 -3.72521694e-02 -1.21613017e-03 -2.22044605e-16]
 [ 0.00000000e+00  4.28721734e-01  4.89896476e-01  3.46944695e-18]]
11
[[ 1.82765690e-02  1.26078978e-01  4.83978860e-01 -1.04777298e-15]
 [-5.05047935e-02 -3.32075076e-03 -1.27473524e-02 -2.77555756e-17]
 [ 0.00000000e+00  1.99939290e-02 -7.58466203e-02  9.84455573e-17]]
12
[[-4.23234602e-03 -7.59784464e-01 -4.32230757e-01 -1.02695630e-15]
 [-5.14434045e-02  3.87454858e-01  2.20417650e-01  6.66133815e-16]
 [ 0.00000000e+00  2.22488050e-02  6.88721579e-02  1.03216047e-16]]
13
[[ 2.56878464e-01 -2.31500854e-01  9.12751374e-02 -1.66533454e-15]
 [-4.30712719e-01 -1.26072322e-01  4.97072400e-02 -1.22124533e-15]
 [ 0.00000000e+00 -4.31114589e-01 -4.78903729e-01  7.03256897e-15]]
14
[[-1.11719505e-01  4.12693183e-01  2.66715317e-01 -6.45733467e-14]
 [ 9.62333776e-02  6.33010786e-01  4.09102159e-01 -1.03472786e-13]
 [ 0.00000000e+00  2.16143596e-01 -4.06091759e-02  2.65353061e-15]]
15
[[ 1.13081115e-01 -1.43545120e-01 -1.94050594e-01  8.25672863e-13]
 [-7.31314010e-02 -3.14650703e-01 -4.25358631e-01  1.91812538e-12]
 [ 0.00000000e+00  2.03234306e-01 -1.46850753e-01  5.17247703e-13]]
16
[[ 2.03259016e-01 -6.68258404e-02 -2.25799660e-02  3.58674201e-12]
 [ 8.02254410e-02  2.27159000e-01  7.67553757e-02 -8.99226527e-12]
 [ 0.00000000e+00 -1.47637747e-01 -4.83476472e-01  4.20210533e-11]]
17
[[-1.59100007e-01 -2.46609912e-01 -1.37664049e-01  2.25012592e-10]
 [ 8.28495382e-02 -3.68649588e-01 -2.05789761e-01  3.65356009e-10]
 [ 0.00000000e+00 -1.08305071e-01 -4.22906521e-01  6.38829441e-10]]
18
[[ 2.40426551e-01  4.53283370e-02  2.04411697e-02 -3.46690621e-10]
 [-4.66474044e-03  4.47283877e-01  2.01706179e-01 -6.14681230e-09]
 [ 0.00000000e+00 -1.69671704e-01 -4.46147417e-01  1.15863462e-08]]
19
[[-3.15866054e-02 -3.50128313e-01 -3.20879086e-01  1.57939174e-07]
 [ 1.79649185e-02 -1.84047780e-01 -1.68672688e-01  8.85163006e-08]
 [ 0.00000000e+00  3.94012609e-02 -3.29752753e-01  1.45350607e-07]]
20
[[ 2.21498259e-01  2.62894572e-01  6.40929924e-02  5.55111512e-17]
 [-2.06009638e-01  2.48258147e-01  6.05246713e-02 -1.38777878e-16]
 [ 0.00000000e+00 -2.31856406e-01 -4.82057667e-01  6.93889390e-18]]
21
[[-1.96499551e-03 -5.10487362e-02 -1.76179421e-01 -2.28636554e-15]
 [ 2.02729721e-02  1.30797994e-01  4.51410093e-01  6.30051566e-15]
 [ 0.00000000e+00  6.44597288e-02 -7.30785939e-02 -5.90239663e-16]]
22
[[ 1.19422395e-02 -6.17044283e-01 -4.45477644e-01  1.59650765e-12]
 [ 6.31467286e-02 -7.62867020e-02 -5.50754965e-02  1.59428026e-13]
 [ 0.00000000e+00  1.31204301e-01 -1.96639519e-01  8.23636298e-13]]
23
[[-4.73096449e-01 -1.78796476e-01 -2.84001277e-01 -5.08978276e-12]
 [-4.66891488e-01  1.92192348e-01  3.05279352e-01  5.76075299e-12]
 [ 0.00000000e+00 -5.94397285e-01 -2.57485016e-01 -5.42480991e-12]]
24
[[ 6.11695555e-01 -6.95688249e-02 -4.73828155e-02 -2.08472684e-11]
 [ 6.57132223e-02  4.97696622e-01  3.38977513e-01  1.87690002e-10]
 [ 0.00000000e+00  6.84902854e-01  3.50713353e-01  1.71014791e-10]]
25
[[ 1.12535514e-01  1.48837445e-01 -1.10222507e-01  8.66873934e-10]
 [ 1.50944375e-01 -8.84811087e-02  6.55252419e-02 -5.95142768e-10]
 [ 0.00000000e+00  2.57254602e-01  4.72977994e-01 -3.10141657e-09]]
26
[[-3.69362432e-01  2.04500451e-01  7.91073217e-05 -1.94104606e-09]
 [ 2.69524449e-01  3.07081876e-01  1.18789101e-04 -1.48553279e-09]
 [ 0.00000000e+00  5.26823682e-01  4.90051754e-01  3.77398555e-08]]
27
[[ 9.80256564e-03  4.23163862e-01  6.99672868e-02 -1.86926451e-08]
 [ 3.03747667e-01  1.36637771e-02  2.25921327e-03 -5.43838738e-09]
 [ 0.00000000e+00  3.73273089e-01  4.85025995e-01 -2.29874009e-07]]
28
[[ 1.86387495e-02  3.77478707e-01  2.81102558e-02 -5.96311195e-19]
 [ 5.43003824e-01  6.68251654e-04  4.97636676e-05  1.66533454e-16]
 [ 0.00000000e+00  6.12969977e-01  4.89244880e-01 -3.46944695e-18]]
29
[[ 1.16580335e-02  4.53264144e-01  1.03574206e-01 -3.16207564e-15]
 [ 5.31916234e-01  6.76948577e-03  1.54687751e-03 -3.88578059e-16]
 [ 0.00000000e+00  6.01682828e-01  4.78978844e-01 -2.07438233e-14]]
30
successful?  True
here are the angles from ik [ 7.22716945e+01 -1.53517215e+01 -5.13910397e-01 -8.47112522e-14]
yoooooo, we got a request
x:  0.044030602598962854 y:  0.13883183443158975 z:  0.517
desired ee from arm:  [ 0.53831359 -0.0115856   0.07937922  1.        ]
target x, y, z [ 0.53831359 -0.0115856   0.07937922]
[[-0.0196      0.400742    0.030112    0.        ]
 [ 0.55912576  0.          0.          0.        ]
 [ 0.         -0.48912576 -0.48912576  0.        ]]
1
[[-2.30160790e-02 -1.23303672e-01 -4.85884292e-01  0.00000000e+00]
 [-6.06365136e-02  6.88448292e-03  2.71286497e-02  1.38777878e-16]
 [ 0.00000000e+00  1.31825292e-01  5.77168300e-02 -4.33680869e-19]]
2
[[-1.95056244e-02  1.77758161e-01  4.57304423e-01 -3.12250226e-16]
 [ 2.90982727e-03 -6.58710621e-03 -1.69461295e-02  2.22044605e-16]
 [ 0.00000000e+00  6.78144841e-02 -1.75317527e-01  1.42247325e-16]]
3
[[ 9.95016774e-02  3.10057127e-01  1.57483075e-01  1.76747506e-13]
 [-7.24052891e-02  6.11744346e-01  3.10714937e-01  3.25739435e-13]
 [ 0.00000000e+00  1.91486418e-01  3.44682536e-01  3.23966548e-13]]
4
[[-3.01142608e-01 -3.92863582e-01 -2.25128197e-01 -7.31109617e-13]
 [-1.60098694e-01  6.46367712e-01  3.70397268e-01  1.13890841e-12]
 [ 0.00000000e+00  4.10491266e-01  2.28634862e-01  8.23754259e-13]]
5
[[ 2.17562338e-01 -4.54522632e-01 -3.19002137e-01  1.15154425e-09]
 [-1.68266299e-01 -5.08258476e-01 -3.56716099e-01  1.23400068e-09]
 [ 0.00000000e+00 -2.04340588e-01  1.05555686e-01 -2.64731524e-10]]
6
[[-3.11309883e-01 -4.60434089e-01 -2.77558421e-01  1.58025288e-07]
 [-2.31380590e-01  5.58193558e-01  3.36489687e-01 -1.82346393e-07]
 [ 0.00000000e+00  4.57384370e-01  2.23353431e-01 -1.42871997e-07]]
7
[[-4.04673727e-01  1.27112248e-01  1.44846306e-01  2.22044605e-16]
 [ 1.51402674e-01  3.93251795e-01  4.48116296e-01 -8.32667268e-17]
 [ 0.00000000e+00  5.01624182e-01  1.35506733e-01  2.60208521e-18]]
8
[[ 1.19067044e-03  3.85265230e-01  4.71974402e-01 -2.58994215e-15]
 [ 1.69928158e-01  4.20013728e-02  5.14543521e-02 -4.16333634e-16]
 [ 0.00000000e+00  2.38798212e-01 -1.21422217e-01  4.97431957e-16]]
9
[[ 1.20106642e-01  2.97783552e-01  4.11437753e-01 -4.25201541e-13]
 [ 5.23144247e-01 -5.70076696e-02 -7.87656245e-02  7.02771175e-14]
 [ 0.00000000e+00  6.06396633e-01  2.54294502e-01 -2.99246738e-13]]
10
[[ 1.21101789e-02  4.56788463e-01  4.45977934e-01 -8.74690216e-11]
 [ 5.03711585e-01  6.79407475e-03  6.63328360e-03 -3.37752049e-12]
 [ 0.00000000e+00  5.73475776e-01  2.03003505e-01 -4.65196492e-11]]
11
[[ 1.15990131e-02  4.53970075e-01  4.28678520e-01 -1.52748013e-08]
 [ 5.37368577e-01  6.76110171e-03  6.38442760e-03 -6.07142392e-10]
 [ 0.00000000e+00  6.07136262e-01  2.37370401e-01 -9.73377428e-09]]
12
successful?  True
here are the angles from ik [-3.12670171e+00  6.11874339e+01 -1.15595649e+02  3.45821477e-06]
yoooooo, we got a request
x:  0.043860271447709605 y:  0.13829476737382734 z:  0.515
desired ee from arm:  [ 0.53670502 -0.01141527  0.08068323  1.        ]
target x, y, z [ 0.53670502 -0.01141527  0.08068323]
[[-0.0196      0.400742    0.030112    0.        ]
 [ 0.55912576  0.          0.          0.        ]
 [ 0.         -0.48912576 -0.48912576  0.        ]]
1
[[-2.30083263e-02 -1.23764655e-01 -4.86044444e-01 -2.08166817e-17]
 [-6.08365883e-02  6.87240093e-03  2.69890647e-02 -3.05311332e-16]
 [ 0.00000000e+00  1.32018655e-01  5.64192400e-02 -4.33680869e-19]]
2
[[-1.94099444e-02  1.77304170e-01  4.55725733e-01  5.65519853e-16]
 [ 5.70582083e-03 -6.28883250e-03 -1.61642154e-02  5.55111512e-17]
 [ 0.00000000e+00  6.49857870e-02 -1.79453381e-01 -2.63677968e-16]]
3
[[ 2.60856129e-02 -5.45273243e-01 -3.13403068e-01 -2.10942375e-14]
 [-1.16140187e-04 -4.74603708e-01 -2.72784810e-01 -1.80966353e-14]
 [ 0.00000000e+00  5.27862645e-02  2.59841694e-01  1.50036233e-14]]
4
[[-2.37599873e-01 -1.02231231e-01 -5.80994191e-02 -3.87606613e-14]
 [-1.06968936e-02  7.97514906e-01  4.53238726e-01  2.53398864e-13]
 [ 0.00000000e+00  3.07031566e-01  1.77058906e-01  1.17883134e-13]]
5
[[ 1.65455731e-01  5.51068893e-01  2.19287969e-01 -6.92360350e-10]
 [ 2.90705694e-01 -2.72202245e-01 -1.08317995e-01  3.02356265e-10]
 [ 0.00000000e+00  4.03918013e-01  4.24653671e-01 -1.51912114e-09]]
6
[[-1.02833373e-01  4.20474404e-01  6.50904830e-02  4.58277918e-08]
 [ 4.26831399e-01  1.21397857e-01  1.87926901e-02  2.78647007e-08]
 [ 0.00000000e+00  5.08606443e-01  4.85346069e-01  6.69050593e-07]]
7
[[ 3.95736258e-02  4.44414306e-01  8.92753678e-02  3.46944695e-18]
 [ 5.15833049e-01 -1.71955774e-02 -3.45430261e-03 -1.38777878e-16]
 [ 0.00000000e+00  5.86977413e-01  4.81838892e-01  0.00000000e+00]]
8
[[1.03312614e-02 4.53317035e-01 1.05001756e-01 2.50911488e-15]
 [5.35443624e-01 7.84958279e-03 1.81819766e-03 5.27355937e-16]
 [0.00000000e+00 6.05184500e-01 4.78666969e-01 1.61849700e-14]]
9
successful?  True
here are the angles from ik [ 1.57232114e+01 -1.03319714e+02  1.75419206e+02  7.01108581e-12]
yoooooo, we got a request
x:  0.04377510587208299 y:  0.13717975601452057 z:  0.514
desired ee from arm:  [ 0.53624499 -0.01133011  0.08210849  1.        ]
target x, y, z [ 0.53624499 -0.01133011  0.08210849]
[[-0.0196      0.400742    0.030112    0.        ]
 [ 0.55912576  0.          0.          0.        ]
 [ 0.         -0.48912576 -0.48912576  0.        ]]
1
[[-2.29406059e-02 -1.24003177e-01 -4.86210634e-01  3.46944695e-18]
 [-5.97845003e-02  6.86669943e-03  2.69240060e-02  2.77555756e-17]
 [ 0.00000000e+00  1.30961446e-01  5.50005364e-02 -1.73472348e-18]]
2
[[-1.94147729e-02  1.75049556e-01  4.57581695e-01 -7.63278329e-17]
 [ 5.69152313e-03 -6.05772858e-03 -1.58349771e-02 -5.55111512e-17]
 [ 0.00000000e+00  6.49833434e-02 -1.74696845e-01  3.98986399e-17]]
3
[[-1.93330069e-02 -5.74713333e-01 -3.10965139e-01  1.93178806e-14]
 [ 5.88088894e-02 -4.27694253e-01 -2.31416248e-01  1.38777878e-14]
 [ 0.00000000e+00  1.28720445e-01  2.99829859e-01 -1.61572145e-14]]
4
[[ 4.83828159e-01 -5.77579534e-02 -3.66134583e-02  1.22124533e-14]
 [ 5.80346196e-02  7.28243095e-01  4.61642018e-01 -1.16524845e-13]
 [ 0.00000000e+00 -4.16901987e-01 -1.60302351e-01  3.26370875e-14]]
5
[[-2.02083334e-01  5.30408960e-01  2.00334597e-01  6.82898182e-13]
 [-3.87487940e-01 -2.47023547e-01 -9.33003897e-02 -3.53383989e-13]
 [ 0.00000000e+00  5.06578077e-01  4.37392076e-01  1.31317873e-12]]
6
[[ 1.17066805e-01 -2.75985754e-01 -1.60259227e-01 -3.74136833e-12]
 [ 1.20905927e-01  3.37955261e-01  1.96243640e-01  4.25211255e-12]
 [ 0.00000000e+00 -9.71487965e-02 -4.19471281e-01 -8.18758603e-12]]
7
[[-4.02441258e-01 -5.09207435e-02 -6.54519588e-03 -3.65818487e-14]
 [ 3.36777557e-02 -3.83398667e-01 -4.92808864e-02 -9.83894910e-12]
 [ 0.00000000e+00 -3.33372034e-01 -4.87523637e-01 -5.92954401e-11]]
8
[[-2.75068213e-02 -3.01459281e-01 -2.61006241e-01 -2.46819634e-10]
 [ 1.14350089e-01 -2.07226871e-02 -1.79418947e-02 -2.58728039e-11]
 [ 0.00000000e+00 -4.59672715e-02 -4.14372504e-01 -3.44005949e-10]]
9
[[ 2.67946445e-01 -2.29953254e-02  2.77035467e-01  1.28803979e-09]
 [ 5.13282715e-01  1.30130779e-02 -1.56774651e-01 -7.89314135e-10]
 [ 0.00000000e+00 -5.08679776e-01 -3.72590660e-01 -2.00452440e-09]]
10
[[ 1.78033896e-02 -3.32524459e-01 -3.42948796e-02 -2.22814696e-09]
 [ 3.41331434e-01  3.65533174e-02  3.76992304e-03 -1.07998832e-10]
 [ 0.00000000e+00 -2.71232984e-01 -4.88835750e-01 -1.65990870e-08]]
11
[[-3.62836332e-03 -3.82996529e-01 -1.25619046e-02 -8.32345362e-09]
 [ 5.66174946e-01  1.08094401e-02  3.54538867e-04 -1.75707043e-09]
 [ 0.00000000e+00 -4.95847221e-01 -4.89890615e-01 -9.46795028e-08]]
12
[[ 1.02202047e-02 -4.50519306e-01 -8.11437892e-02 -1.17524519e-07]
 [ 5.31223912e-01  2.53156416e-02  4.55964274e-03 -4.26278962e-09]
 [ 0.00000000e+00 -4.60960599e-01 -4.83265597e-01 -5.04441547e-07]]
13
successful?  True
here are the angles from ik [-6.34087493e+00 -3.09551877e+00 -2.95725882e+00 -2.98128950e-06]
yoooooo, we got a request
x:  0.043860271447709605 y:  0.13829476737382734 z:  0.515
desired ee from arm:  [ 0.53670502 -0.01141527  0.08068323  1.        ]
target x, y, z [ 0.53670502 -0.01141527  0.08068323]
[[-0.0196      0.400742    0.030112    0.        ]
 [ 0.55912576  0.          0.          0.        ]
 [ 0.         -0.48912576 -0.48912576  0.        ]]
1
[[-2.30083263e-02 -1.23764655e-01 -4.86044444e-01 -2.08166817e-17]
 [-6.08365883e-02  6.87240093e-03  2.69890647e-02 -3.05311332e-16]
 [ 0.00000000e+00  1.32018655e-01  5.64192400e-02 -4.33680869e-19]]
2
[[-1.94099444e-02  1.77304170e-01  4.55725733e-01  5.65519853e-16]
 [ 5.70582083e-03 -6.28883250e-03 -1.61642154e-02  5.55111512e-17]
 [ 0.00000000e+00  6.49857870e-02 -1.79453381e-01 -2.63677968e-16]]
3
[[ 2.60856129e-02 -5.45273243e-01 -3.13403068e-01 -2.10942375e-14]
 [-1.16140187e-04 -4.74603708e-01 -2.72784810e-01 -1.80966353e-14]
 [ 0.00000000e+00  5.27862645e-02  2.59841694e-01  1.50036233e-14]]
4
[[-2.37599873e-01 -1.02231231e-01 -5.80994191e-02 -3.87606613e-14]
 [-1.06968936e-02  7.97514906e-01  4.53238726e-01  2.53398864e-13]
 [ 0.00000000e+00  3.07031566e-01  1.77058906e-01  1.17883134e-13]]
5
[[ 1.65455731e-01  5.51068893e-01  2.19287969e-01 -6.92360350e-10]
 [ 2.90705694e-01 -2.72202245e-01 -1.08317995e-01  3.02356265e-10]
 [ 0.00000000e+00  4.03918013e-01  4.24653671e-01 -1.51912114e-09]]
6
[[-1.02833373e-01  4.20474404e-01  6.50904830e-02  4.58277918e-08]
 [ 4.26831399e-01  1.21397857e-01  1.87926901e-02  2.78647007e-08]
 [ 0.00000000e+00  5.08606443e-01  4.85346069e-01  6.69050593e-07]]
7
[[ 3.95736258e-02  4.44414306e-01  8.92753678e-02  3.46944695e-18]
 [ 5.15833049e-01 -1.71955774e-02 -3.45430261e-03 -1.38777878e-16]
 [ 0.00000000e+00  5.86977413e-01  4.81838892e-01  0.00000000e+00]]
8
[[1.03312614e-02 4.53317035e-01 1.05001756e-01 2.50911488e-15]
 [5.35443624e-01 7.84958279e-03 1.81819766e-03 5.27355937e-16]
 [0.00000000e+00 6.05184500e-01 4.78666969e-01 1.61849700e-14]]
9
successful?  True
here are the angles from ik [ 1.57232114e+01 -1.03319714e+02  1.75419206e+02  7.01108581e-12]
yoooooo, we got a request
x:  0.04377510587208299 y:  0.13717975601452057 z:  0.514
desired ee from arm:  [ 0.53624499 -0.01133011  0.08210849  1.        ]
target x, y, z [ 0.53624499 -0.01133011  0.08210849]
[[-0.0196      0.400742    0.030112    0.        ]
 [ 0.55912576  0.          0.          0.        ]
 [ 0.         -0.48912576 -0.48912576  0.        ]]
1
[[-2.29406059e-02 -1.24003177e-01 -4.86210634e-01  3.46944695e-18]
 [-5.97845003e-02  6.86669943e-03  2.69240060e-02  2.77555756e-17]
 [ 0.00000000e+00  1.30961446e-01  5.50005364e-02 -1.73472348e-18]]
2
[[-1.94147729e-02  1.75049556e-01  4.57581695e-01 -7.63278329e-17]
 [ 5.69152313e-03 -6.05772858e-03 -1.58349771e-02 -5.55111512e-17]
 [ 0.00000000e+00  6.49833434e-02 -1.74696845e-01  3.98986399e-17]]
3
[[-1.93330069e-02 -5.74713333e-01 -3.10965139e-01  1.93178806e-14]
 [ 5.88088894e-02 -4.27694253e-01 -2.31416248e-01  1.38777878e-14]
 [ 0.00000000e+00  1.28720445e-01  2.99829859e-01 -1.61572145e-14]]
4
[[ 4.83828159e-01 -5.77579534e-02 -3.66134583e-02  1.22124533e-14]
 [ 5.80346196e-02  7.28243095e-01  4.61642018e-01 -1.16524845e-13]
 [ 0.00000000e+00 -4.16901987e-01 -1.60302351e-01  3.26370875e-14]]
5
[[-2.02083334e-01  5.30408960e-01  2.00334597e-01  6.82898182e-13]
 [-3.87487940e-01 -2.47023547e-01 -9.33003897e-02 -3.53383989e-13]
 [ 0.00000000e+00  5.06578077e-01  4.37392076e-01  1.31317873e-12]]
6
[[ 1.17066805e-01 -2.75985754e-01 -1.60259227e-01 -3.74136833e-12]
 [ 1.20905927e-01  3.37955261e-01  1.96243640e-01  4.25211255e-12]
 [ 0.00000000e+00 -9.71487965e-02 -4.19471281e-01 -8.18758603e-12]]
7
[[-4.02441258e-01 -5.09207435e-02 -6.54519588e-03 -3.65818487e-14]
 [ 3.36777557e-02 -3.83398667e-01 -4.92808864e-02 -9.83894910e-12]
 [ 0.00000000e+00 -3.33372034e-01 -4.87523637e-01 -5.92954401e-11]]
8
[[-2.75068213e-02 -3.01459281e-01 -2.61006241e-01 -2.46819634e-10]
 [ 1.14350089e-01 -2.07226871e-02 -1.79418947e-02 -2.58728039e-11]
 [ 0.00000000e+00 -4.59672715e-02 -4.14372504e-01 -3.44005949e-10]]
9
[[ 2.67946445e-01 -2.29953254e-02  2.77035467e-01  1.28803979e-09]
 [ 5.13282715e-01  1.30130779e-02 -1.56774651e-01 -7.89314135e-10]
 [ 0.00000000e+00 -5.08679776e-01 -3.72590660e-01 -2.00452440e-09]]
10
[[ 1.78033896e-02 -3.32524459e-01 -3.42948796e-02 -2.22814696e-09]
 [ 3.41331434e-01  3.65533174e-02  3.76992304e-03 -1.07998832e-10]
 [ 0.00000000e+00 -2.71232984e-01 -4.88835750e-01 -1.65990870e-08]]
11
[[-3.62836332e-03 -3.82996529e-01 -1.25619046e-02 -8.32345362e-09]
 [ 5.66174946e-01  1.08094401e-02  3.54538867e-04 -1.75707043e-09]
 [ 0.00000000e+00 -4.95847221e-01 -4.89890615e-01 -9.46795028e-08]]
12
[[ 1.02202047e-02 -4.50519306e-01 -8.11437892e-02 -1.17524519e-07]
 [ 5.31223912e-01  2.53156416e-02  4.55964274e-03 -4.26278962e-09]
 [ 0.00000000e+00 -4.60960599e-01 -4.83265597e-01 -5.04441547e-07]]
13
successful?  True
here are the angles from ik [-6.34087493e+00 -3.09551877e+00 -2.95725882e+00 -2.98128950e-06]
yoooooo, we got a request
x:  0.04377510587208299 y:  0.13717975601452057 z:  0.514
desired ee from arm:  [ 0.53624499 -0.01133011  0.08210849  1.        ]
target x, y, z [ 0.53624499 -0.01133011  0.08210849]
[[-0.0196      0.400742    0.030112    0.        ]
 [ 0.55912576  0.          0.          0.        ]
 [ 0.         -0.48912576 -0.48912576  0.        ]]
1
[[-2.29406059e-02 -1.24003177e-01 -4.86210634e-01  3.46944695e-18]
 [-5.97845003e-02  6.86669943e-03  2.69240060e-02  2.77555756e-17]
 [ 0.00000000e+00  1.30961446e-01  5.50005364e-02 -1.73472348e-18]]
2
[[-1.94147729e-02  1.75049556e-01  4.57581695e-01 -7.63278329e-17]
 [ 5.69152313e-03 -6.05772858e-03 -1.58349771e-02 -5.55111512e-17]
 [ 0.00000000e+00  6.49833434e-02 -1.74696845e-01  3.98986399e-17]]
3
[[-1.93330069e-02 -5.74713333e-01 -3.10965139e-01  1.93178806e-14]
 [ 5.88088894e-02 -4.27694253e-01 -2.31416248e-01  1.38777878e-14]
 [ 0.00000000e+00  1.28720445e-01  2.99829859e-01 -1.61572145e-14]]
4
[[ 4.83828159e-01 -5.77579534e-02 -3.66134583e-02  1.22124533e-14]
 [ 5.80346196e-02  7.28243095e-01  4.61642018e-01 -1.16524845e-13]
 [ 0.00000000e+00 -4.16901987e-01 -1.60302351e-01  3.26370875e-14]]
5
[[-2.02083334e-01  5.30408960e-01  2.00334597e-01  6.82898182e-13]
 [-3.87487940e-01 -2.47023547e-01 -9.33003897e-02 -3.53383989e-13]
 [ 0.00000000e+00  5.06578077e-01  4.37392076e-01  1.31317873e-12]]
6
[[ 1.17066805e-01 -2.75985754e-01 -1.60259227e-01 -3.74136833e-12]
 [ 1.20905927e-01  3.37955261e-01  1.96243640e-01  4.25211255e-12]
 [ 0.00000000e+00 -9.71487965e-02 -4.19471281e-01 -8.18758603e-12]]
7
[[-4.02441258e-01 -5.09207435e-02 -6.54519588e-03 -3.65818487e-14]
 [ 3.36777557e-02 -3.83398667e-01 -4.92808864e-02 -9.83894910e-12]
 [ 0.00000000e+00 -3.33372034e-01 -4.87523637e-01 -5.92954401e-11]]
8
[[-2.75068213e-02 -3.01459281e-01 -2.61006241e-01 -2.46819634e-10]
 [ 1.14350089e-01 -2.07226871e-02 -1.79418947e-02 -2.58728039e-11]
 [ 0.00000000e+00 -4.59672715e-02 -4.14372504e-01 -3.44005949e-10]]
9
[[ 2.67946445e-01 -2.29953254e-02  2.77035467e-01  1.28803979e-09]
 [ 5.13282715e-01  1.30130779e-02 -1.56774651e-01 -7.89314135e-10]
 [ 0.00000000e+00 -5.08679776e-01 -3.72590660e-01 -2.00452440e-09]]
10
[[ 1.78033896e-02 -3.32524459e-01 -3.42948796e-02 -2.22814696e-09]
 [ 3.41331434e-01  3.65533174e-02  3.76992304e-03 -1.07998832e-10]
 [ 0.00000000e+00 -2.71232984e-01 -4.88835750e-01 -1.65990870e-08]]
11
[[-3.62836332e-03 -3.82996529e-01 -1.25619046e-02 -8.32345362e-09]
 [ 5.66174946e-01  1.08094401e-02  3.54538867e-04 -1.75707043e-09]
 [ 0.00000000e+00 -4.95847221e-01 -4.89890615e-01 -9.46795028e-08]]
12
[[ 1.02202047e-02 -4.50519306e-01 -8.11437892e-02 -1.17524519e-07]
 [ 5.31223912e-01  2.53156416e-02  4.55964274e-03 -4.26278962e-09]
 [ 0.00000000e+00 -4.60960599e-01 -4.83265597e-01 -5.04441547e-07]]
13
successful?  True
here are the angles from ik [-6.34087493e+00 -3.09551877e+00 -2.95725882e+00 -2.98128950e-06]
yoooooo, we got a request
x:  0.04377510587208299 y:  0.13717975601452057 z:  0.514
desired ee from arm:  [ 0.53624499 -0.01133011  0.08210849  1.        ]
target x, y, z [ 0.53624499 -0.01133011  0.08210849]
[[-0.0196      0.400742    0.030112    0.        ]
 [ 0.55912576  0.          0.          0.        ]
 [ 0.         -0.48912576 -0.48912576  0.        ]]
1
[[-2.29406059e-02 -1.24003177e-01 -4.86210634e-01  3.46944695e-18]
 [-5.97845003e-02  6.86669943e-03  2.69240060e-02  2.77555756e-17]
 [ 0.00000000e+00  1.30961446e-01  5.50005364e-02 -1.73472348e-18]]
2
[[-1.94147729e-02  1.75049556e-01  4.57581695e-01 -7.63278329e-17]
 [ 5.69152313e-03 -6.05772858e-03 -1.58349771e-02 -5.55111512e-17]
 [ 0.00000000e+00  6.49833434e-02 -1.74696845e-01  3.98986399e-17]]
3
[[-1.93330069e-02 -5.74713333e-01 -3.10965139e-01  1.93178806e-14]
 [ 5.88088894e-02 -4.27694253e-01 -2.31416248e-01  1.38777878e-14]
 [ 0.00000000e+00  1.28720445e-01  2.99829859e-01 -1.61572145e-14]]
4
[[ 4.83828159e-01 -5.77579534e-02 -3.66134583e-02  1.22124533e-14]
 [ 5.80346196e-02  7.28243095e-01  4.61642018e-01 -1.16524845e-13]
 [ 0.00000000e+00 -4.16901987e-01 -1.60302351e-01  3.26370875e-14]]
5
[[-2.02083334e-01  5.30408960e-01  2.00334597e-01  6.82898182e-13]
 [-3.87487940e-01 -2.47023547e-01 -9.33003897e-02 -3.53383989e-13]
 [ 0.00000000e+00  5.06578077e-01  4.37392076e-01  1.31317873e-12]]
6
[[ 1.17066805e-01 -2.75985754e-01 -1.60259227e-01 -3.74136833e-12]
 [ 1.20905927e-01  3.37955261e-01  1.96243640e-01  4.25211255e-12]
 [ 0.00000000e+00 -9.71487965e-02 -4.19471281e-01 -8.18758603e-12]]
7
[[-4.02441258e-01 -5.09207435e-02 -6.54519588e-03 -3.65818487e-14]
 [ 3.36777557e-02 -3.83398667e-01 -4.92808864e-02 -9.83894910e-12]
 [ 0.00000000e+00 -3.33372034e-01 -4.87523637e-01 -5.92954401e-11]]
8
[[-2.75068213e-02 -3.01459281e-01 -2.61006241e-01 -2.46819634e-10]
 [ 1.14350089e-01 -2.07226871e-02 -1.79418947e-02 -2.58728039e-11]
 [ 0.00000000e+00 -4.59672715e-02 -4.14372504e-01 -3.44005949e-10]]
9
[[ 2.67946445e-01 -2.29953254e-02  2.77035467e-01  1.28803979e-09]
 [ 5.13282715e-01  1.30130779e-02 -1.56774651e-01 -7.89314135e-10]
 [ 0.00000000e+00 -5.08679776e-01 -3.72590660e-01 -2.00452440e-09]]
10
[[ 1.78033896e-02 -3.32524459e-01 -3.42948796e-02 -2.22814696e-09]
 [ 3.41331434e-01  3.65533174e-02  3.76992304e-03 -1.07998832e-10]
 [ 0.00000000e+00 -2.71232984e-01 -4.88835750e-01 -1.65990870e-08]]
11
[[-3.62836332e-03 -3.82996529e-01 -1.25619046e-02 -8.32345362e-09]
 [ 5.66174946e-01  1.08094401e-02  3.54538867e-04 -1.75707043e-09]
 [ 0.00000000e+00 -4.95847221e-01 -4.89890615e-01 -9.46795028e-08]]
12
[[ 1.02202047e-02 -4.50519306e-01 -8.11437892e-02 -1.17524519e-07]
 [ 5.31223912e-01  2.53156416e-02  4.55964274e-03 -4.26278962e-09]
 [ 0.00000000e+00 -4.60960599e-01 -4.83265597e-01 -5.04441547e-07]]
13
successful?  True
here are the angles from ik [-6.34087493e+00 -3.09551877e+00 -2.95725882e+00 -2.98128950e-06]
yoooooo, we got a request
x:  0.043860271447709605 y:  0.13829476737382734 z:  0.515
desired ee from arm:  [ 0.53670502 -0.01141527  0.08068323  1.        ]
target x, y, z [ 0.53670502 -0.01141527  0.08068323]
[[-0.0196      0.400742    0.030112    0.        ]
 [ 0.55912576  0.          0.          0.        ]
 [ 0.         -0.48912576 -0.48912576  0.        ]]
1
[[-2.30083263e-02 -1.23764655e-01 -4.86044444e-01 -2.08166817e-17]
 [-6.08365883e-02  6.87240093e-03  2.69890647e-02 -3.05311332e-16]
 [ 0.00000000e+00  1.32018655e-01  5.64192400e-02 -4.33680869e-19]]
2
[[-1.94099444e-02  1.77304170e-01  4.55725733e-01  5.65519853e-16]
 [ 5.70582083e-03 -6.28883250e-03 -1.61642154e-02  5.55111512e-17]
 [ 0.00000000e+00  6.49857870e-02 -1.79453381e-01 -2.63677968e-16]]
3
[[ 2.60856129e-02 -5.45273243e-01 -3.13403068e-01 -2.10942375e-14]
 [-1.16140187e-04 -4.74603708e-01 -2.72784810e-01 -1.80966353e-14]
 [ 0.00000000e+00  5.27862645e-02  2.59841694e-01  1.50036233e-14]]
4
[[-2.37599873e-01 -1.02231231e-01 -5.80994191e-02 -3.87606613e-14]
 [-1.06968936e-02  7.97514906e-01  4.53238726e-01  2.53398864e-13]
 [ 0.00000000e+00  3.07031566e-01  1.77058906e-01  1.17883134e-13]]
5
[[ 1.65455731e-01  5.51068893e-01  2.19287969e-01 -6.92360350e-10]
 [ 2.90705694e-01 -2.72202245e-01 -1.08317995e-01  3.02356265e-10]
 [ 0.00000000e+00  4.03918013e-01  4.24653671e-01 -1.51912114e-09]]
6
[[-1.02833373e-01  4.20474404e-01  6.50904830e-02  4.58277918e-08]
 [ 4.26831399e-01  1.21397857e-01  1.87926901e-02  2.78647007e-08]
 [ 0.00000000e+00  5.08606443e-01  4.85346069e-01  6.69050593e-07]]
7
[[ 3.95736258e-02  4.44414306e-01  8.92753678e-02  3.46944695e-18]
 [ 5.15833049e-01 -1.71955774e-02 -3.45430261e-03 -1.38777878e-16]
 [ 0.00000000e+00  5.86977413e-01  4.81838892e-01  0.00000000e+00]]
8
[[1.03312614e-02 4.53317035e-01 1.05001756e-01 2.50911488e-15]
 [5.35443624e-01 7.84958279e-03 1.81819766e-03 5.27355937e-16]
 [0.00000000e+00 6.05184500e-01 4.78666969e-01 1.61849700e-14]]
9
successful?  True
here are the angles from ik [ 1.57232114e+01 -1.03319714e+02  1.75419206e+02  7.01108581e-12]
yoooooo, we got a request
x:  0.043860271447709605 y:  0.13829476737382734 z:  0.515
desired ee from arm:  [ 0.53670502 -0.01141527  0.08068323  1.        ]
target x, y, z [ 0.53670502 -0.01141527  0.08068323]
[[-0.0196      0.400742    0.030112    0.        ]
 [ 0.55912576  0.          0.          0.        ]
 [ 0.         -0.48912576 -0.48912576  0.        ]]
1
[[-2.30083263e-02 -1.23764655e-01 -4.86044444e-01 -2.08166817e-17]
 [-6.08365883e-02  6.87240093e-03  2.69890647e-02 -3.05311332e-16]
 [ 0.00000000e+00  1.32018655e-01  5.64192400e-02 -4.33680869e-19]]
2
[[-1.94099444e-02  1.77304170e-01  4.55725733e-01  5.65519853e-16]
 [ 5.70582083e-03 -6.28883250e-03 -1.61642154e-02  5.55111512e-17]
 [ 0.00000000e+00  6.49857870e-02 -1.79453381e-01 -2.63677968e-16]]
3
[[ 2.60856129e-02 -5.45273243e-01 -3.13403068e-01 -2.10942375e-14]
 [-1.16140187e-04 -4.74603708e-01 -2.72784810e-01 -1.80966353e-14]
 [ 0.00000000e+00  5.27862645e-02  2.59841694e-01  1.50036233e-14]]
4
[[-2.37599873e-01 -1.02231231e-01 -5.80994191e-02 -3.87606613e-14]
 [-1.06968936e-02  7.97514906e-01  4.53238726e-01  2.53398864e-13]
 [ 0.00000000e+00  3.07031566e-01  1.77058906e-01  1.17883134e-13]]
5
[[ 1.65455731e-01  5.51068893e-01  2.19287969e-01 -6.92360350e-10]
 [ 2.90705694e-01 -2.72202245e-01 -1.08317995e-01  3.02356265e-10]
 [ 0.00000000e+00  4.03918013e-01  4.24653671e-01 -1.51912114e-09]]
6
[[-1.02833373e-01  4.20474404e-01  6.50904830e-02  4.58277918e-08]
 [ 4.26831399e-01  1.21397857e-01  1.87926901e-02  2.78647007e-08]
 [ 0.00000000e+00  5.08606443e-01  4.85346069e-01  6.69050593e-07]]
7
[[ 3.95736258e-02  4.44414306e-01  8.92753678e-02  3.46944695e-18]
 [ 5.15833049e-01 -1.71955774e-02 -3.45430261e-03 -1.38777878e-16]
 [ 0.00000000e+00  5.86977413e-01  4.81838892e-01  0.00000000e+00]]
8
[[1.03312614e-02 4.53317035e-01 1.05001756e-01 2.50911488e-15]
 [5.35443624e-01 7.84958279e-03 1.81819766e-03 5.27355937e-16]
 [0.00000000e+00 6.05184500e-01 4.78666969e-01 1.61849700e-14]]
9
successful?  True
here are the angles from ik [ 1.57232114e+01 -1.03319714e+02  1.75419206e+02  7.01108581e-12]
yoooooo, we got a request
x:  0.04377510587208299 y:  0.13717975601452057 z:  0.514
desired ee from arm:  [ 0.53624499 -0.01133011  0.08210849  1.        ]
target x, y, z [ 0.53624499 -0.01133011  0.08210849]
[[-0.0196      0.400742    0.030112    0.        ]
 [ 0.55912576  0.          0.          0.        ]
 [ 0.         -0.48912576 -0.48912576  0.        ]]
1
[[-2.29406059e-02 -1.24003177e-01 -4.86210634e-01  3.46944695e-18]
 [-5.97845003e-02  6.86669943e-03  2.69240060e-02  2.77555756e-17]
 [ 0.00000000e+00  1.30961446e-01  5.50005364e-02 -1.73472348e-18]]
2
[[-1.94147729e-02  1.75049556e-01  4.57581695e-01 -7.63278329e-17]
 [ 5.69152313e-03 -6.05772858e-03 -1.58349771e-02 -5.55111512e-17]
 [ 0.00000000e+00  6.49833434e-02 -1.74696845e-01  3.98986399e-17]]
3
[[-1.93330069e-02 -5.74713333e-01 -3.10965139e-01  1.93178806e-14]
 [ 5.88088894e-02 -4.27694253e-01 -2.31416248e-01  1.38777878e-14]
 [ 0.00000000e+00  1.28720445e-01  2.99829859e-01 -1.61572145e-14]]
4
[[ 4.83828159e-01 -5.77579534e-02 -3.66134583e-02  1.22124533e-14]
 [ 5.80346196e-02  7.28243095e-01  4.61642018e-01 -1.16524845e-13]
 [ 0.00000000e+00 -4.16901987e-01 -1.60302351e-01  3.26370875e-14]]
5
[[-2.02083334e-01  5.30408960e-01  2.00334597e-01  6.82898182e-13]
 [-3.87487940e-01 -2.47023547e-01 -9.33003897e-02 -3.53383989e-13]
 [ 0.00000000e+00  5.06578077e-01  4.37392076e-01  1.31317873e-12]]
6
[[ 1.17066805e-01 -2.75985754e-01 -1.60259227e-01 -3.74136833e-12]
 [ 1.20905927e-01  3.37955261e-01  1.96243640e-01  4.25211255e-12]
 [ 0.00000000e+00 -9.71487965e-02 -4.19471281e-01 -8.18758603e-12]]
7
[[-4.02441258e-01 -5.09207435e-02 -6.54519588e-03 -3.65818487e-14]
 [ 3.36777557e-02 -3.83398667e-01 -4.92808864e-02 -9.83894910e-12]
 [ 0.00000000e+00 -3.33372034e-01 -4.87523637e-01 -5.92954401e-11]]
8
[[-2.75068213e-02 -3.01459281e-01 -2.61006241e-01 -2.46819634e-10]
 [ 1.14350089e-01 -2.07226871e-02 -1.79418947e-02 -2.58728039e-11]
 [ 0.00000000e+00 -4.59672715e-02 -4.14372504e-01 -3.44005949e-10]]
9
[[ 2.67946445e-01 -2.29953254e-02  2.77035467e-01  1.28803979e-09]
 [ 5.13282715e-01  1.30130779e-02 -1.56774651e-01 -7.89314135e-10]
 [ 0.00000000e+00 -5.08679776e-01 -3.72590660e-01 -2.00452440e-09]]
10
[[ 1.78033896e-02 -3.32524459e-01 -3.42948796e-02 -2.22814696e-09]
 [ 3.41331434e-01  3.65533174e-02  3.76992304e-03 -1.07998832e-10]
 [ 0.00000000e+00 -2.71232984e-01 -4.88835750e-01 -1.65990870e-08]]
11
[[-3.62836332e-03 -3.82996529e-01 -1.25619046e-02 -8.32345362e-09]
 [ 5.66174946e-01  1.08094401e-02  3.54538867e-04 -1.75707043e-09]
 [ 0.00000000e+00 -4.95847221e-01 -4.89890615e-01 -9.46795028e-08]]
12
[[ 1.02202047e-02 -4.50519306e-01 -8.11437892e-02 -1.17524519e-07]
 [ 5.31223912e-01  2.53156416e-02  4.55964274e-03 -4.26278962e-09]
 [ 0.00000000e+00 -4.60960599e-01 -4.83265597e-01 -5.04441547e-07]]
13
successful?  True
here are the angles from ik [-6.34087493e+00 -3.09551877e+00 -2.95725882e+00 -2.98128950e-06]
